01101 01110 10011 10001 00100  // notre
00010 01011 01110 10101 00100  // clove
00100 01100 00000 01000 01011  // email
00111 00100 00000 10001 10011  // heart
01111 10100 01011 10010 00100  // pulse
00011 00100 00001 10100 00110  // debug
00010 00111 01110 01000 10001  // choir
01111 10001 01110 00001 00100  // probe
10011 01110 10110 00100 10001  // tower
01001 01110 10100 10010 10011  // joust
01100 10100 10011 00100 00011  // muted
00010 00111 01000 01111 10010  // chips
10010 10011 00000 00010 01010  // stack
00101 01000 00110 00111 10011  // fight
00101 10100 00011 00110 00100  // fudge
10011 01110 01010 00100 01101  // token
01100 01000 10001 10011 00111  // mirth
00001 01011 00000 11001 00100  // blaze
00001 11000 10011 00100 10010  // bytes
00101 00000 00001 01011 00100  // fable
10011 00100 00000 10001 10010  // tears
01111 01000 10111 00100 01011  // pixel
10010 10011 01110 01101 00100  // stone
10010 01100 00000 10001 10011  // smart
00010 10001 00000 10101 00100  // crave
01100 10100 10001 00000 01011  // mural
00011 00100 01000 00101 11000  // deify
10010 01111 01000 10001 00100  // spire
01101 01110 00011 00100 10010  // nodes
00001 10001 01000 10010 01010  // brisk
10001 10100 01100 00001 00000  // rumba
10010 00000 01000 01101 10011  // saint
10010 00010 10001 00100 10110  // screw
00010 10001 11000 01111 10011  // crypt
10101 01000 10001 10100 10010  // virus
01100 01000 00010 10001 01110  // micro
11001 00100 00001 10001 00000  // zebra
10001 00100 01011 01000 00010  // relic
01000 01101 01111 10100 10011  // input
10000 10100 01000 10001 01010  // quirk
10011 00100 00010 00111 11000  // techy
10000 10100 01000 00100 10011  // quiet
00010 10001 00000 10010 00111  // crash
01011 01000 00110 00111 10011  // light
00101 01011 00000 10010 00111  // flash
01110 01111 00100 01101 10010  // opens
01111 01000 01110 10100 10010  // pious
10010 10110 01110 10001 00011  // sword
00110 10001 00000 00010 00100  // grace
00011 10001 01110 01101 00100  // drone
00101 01011 10100 01010 00100  // fluke
01110 10001 00110 00000 01101  // organ
00110 10001 00000 10010 01111  // grasp
00101 01000 01011 00100 10010  // files
11000 00000 00010 00111 10011  // yacht
01100 01110 10100 10010 00100  // mouse
01011 01000 01101 01010 10010  // links
00111 11000 01100 01101 10010  // hymns
00101 01011 00000 01000 10001  // flair
01011 01110 00110 01000 00010  // logic
00010 01011 01110 10100 00011  // cloud
00000 01101 00110 00100 01011  // angel
01011 00000 10010 00100 10001  // laser
01011 00000 10011 00010 00111  // latch
